33 3
200000020020030300300012000000200
000000000333000000002200002030201
000100010000003200020000031001010
000023200000000000202300010000030
000010000023000300310300003000010
100010030001000032100000000103000
000000030100030300000000002000000
100000000120200000000000001001000
120030000200000000001001032000302
000000020003033020000013020002301
030000301300000000020200002003000
002000000020000000030103002000100
331210020020020000200200200103000
000202320000003000000000001000000
000010010030000303120001200000001
103000022010000313000000000000003
000012000010000001000000030000030
002000200003010100000002332000000
000003023000230020000003030000130
010000020001202302210002102030000
000003000000100002002000002002000
010003000200200000010030103000212
001000300000300000130020000003120
000000320300200100300000030002200
000000100003000000020100000300000
010000130110030200200100000110000
000231100000113000102000201003010
000000100030100230000000021000030
300103010000010100100300001022000
201021000001001000020000002000333
000002030300000000030000103100300
020000110320030200012100001030300
000100000010000000020001220030021
