29 4
30230104000410100300200200043
02024222220402442003304000200
00134340010411000304003400040
33400100040000442042004000014
24224100100214401443003024000
34300300100310100010200132424
00302000020023010300013201100
03030003104202200130300000440
00112101401000100040004323110
31004201010020001303003000004
03133001100000200102304100403
00420204000102020031000000320
40023001043330020004000300320
23030020400030201300340111100
02040200200010110000032401044
00000002200040000033130000422
00414031003320040040023402031
02301000000010204040014010020
43210000301300120040402202413
04003022000002000042400000040
00004000003032042003000240043
00022000303000030004201014100
20101422000303020203001130140
00041020004300030210044013200
24000000400134131220240002330
13100101014300022334000403413
24001000430013011000000111204
04040133000000012030401300344
40301000040202110220210000321
