39 5
043000000400040030200130112300043000035
040400040002400000000000002000000022300
000030040313300021010002000000005004400
000210500001000010000000000100040220004
004020020520041000053024400400030000501
000044030200212000500000250300000050000
020554500000100000050000004004011010004
001101040014000000040100002300010013203
040020041502002003000010002100020000005
000000400001200100001004000002304004020
100230400000200040143313000000050003500
000000501200320031140300002003000051010
000000003000303300400000000000402204000
000000000000003000300000403001010320000
400200003301001500000030000000223350034
000000050035000330020005000000000200000
050020000440004002000000010000000055520
305030000020500004000150305500005100000
330000000201000000500000400000001400055
004004130010001500541010034000221301214
005040001035200010050500000150000005004
000403202300053200000000005001200000034
100000500003050402030003030000300000531
000405000010020500010000000000400000024
020012400001100035330200000000342004050
020000020503504004041000520500440205055
333010010000010001004300100000400300020
000050005305000005100530500200030100000
040002000000000040040020000300000000050
504000550000000000305305102000045000230
400100004000204000000200003001000240454
050300320301555130200104041010000500005
000000100200002000230040003033003000410
100000000000001020000002000000020300200
040100110000020003500300405000000040550
401000350000100000000002410020055050000
011000040024400221053010000000202200551
005050005010430000300000004400202000052
200500000404505001000201002053000000000
