29 2
00200000000010200000000000000
00002001000000000010002000010
10000000000000201001200001000
01000000002021010000200000100
01000010101020000000000000000
00000120000002001000000000100
00001020010000000000001000000
00000010000000000200000002010
00122200200200021100200000100
00001100010010012000000010010
00001011001000110000100000200
10100000002000210000010000002
01000200101002000020201000001
00020000010000010000002002201
00200000100200000000002201020
00020000000200200000000002121
00000000220020002010000000002
00000000200200100000000000000
11001012220000000010200000020
00221100001000020000020000000
02002011001000011201000222000
00200000000011220000000000100
00000000000000000000020000002
00100000000200020010200200100
00020122000100020000100020000
00100000102010100001100020000
00000022202222102001212100200
00000000020001200001000000000
00010000021012020000000121000
