33 3
300200002023000200010000001000031
000200001000000000310001030003030
021000000002100001330000020202002
000003002100000330020300000000023
000000000000000002013000313030000
000011300213330300030000000000000
000000000003002000020010200030000
200000000030000200000103111010002
200020020300000000000000033002300
000000000000000130300200200030001
020011001200003000222001000000000
001001000003003000002003000210100
000300001001300001000030030330000
110000111202002000002200002002003
000010003000000220120003223000030
003000000010003100001000000230000
010000221000100010000000101210310
120003003110000200000002000100103
100200100000000000010300002131022
010300003001000100320000000002020
300030021233000010100002003000000
000202030020303000200000200000000
200010031200203020200013030003110
000000000000200002003000000030300
000100001000000000103000003023000
001000000001010100002000002000030
000200200101100222020000010000100
000030100300020000010000302020000
000330020100000002000200000020000
000003000000100300023000001000011
200233000000000000010001130200330
001203010000003030000010000100000
002202000000000003000000030100000
