33 4
000030200003103000202031003200004
001302003201040000202042003200042
004020001040000000440110040010000
100100010000043120200000000020004
314003140013114104314400000103020
430210330230044010020000134340004
402044300110000000300302040010000
000020000400231000000000000000400
042010403000400300200002000020001
242100000010020100220002011000000
030041000300020300010304013300030
140300000032002102010030000030000
231000000100200001100240300040003
003003340300400100203210220340020
030042043000000303010002020003104
301043003220000000000000300013020
400000100001210000202200001002002
004030000000420000000104010100001
300020000002040304204040000000312
401001002000000000004000000004400
002040000000000000440000010310402
030020043140021023300001000202040
034001302030002301000400100000000
000020034000420010300004000000000
402002300000003213001000310300013
030000010201004020021000000140011
010400442434004000000000034034000
000410003400200002020002400020001
003202000300002321031100000402400
100010200020000000000024001344333
404314000340023041000200000202440
410000410310000000000401000040000
000300102303014103030101000000302
