24 5
324124432423341052002213
411103131030534212511211
532423354134413105113242
340105232522352543431553
233453412103511301522023
032414314010024323143405
225501050021143422204051
401424420054215211023503
315144213045514450253144
012550255335502021051255
352111201152444350334045
041235225420135105405330
110450232454224401453352
434202122032534412421223
112030435354322450154550
112033545104340333242331
012013155230204323002350
252015554105341123434234
423514345243234315101131
045355231040535150541510
133443115354343213514221
245545422204512545115454
303212440151401515203354
525523354425515421303144
