24 2
100201102100001000002210
000001000200000100000201
000102002201000010000201
000102000001011200000110
220000012001021000100010
000120012000010000000012
200002210000200101000000
000002100000111200011201
000000022100000000201000
200222000102000201002200
000010020001120200000212
011021002020001002002010
020001120100002022001001
000000100012002000210110
020002202101010000011020
000000100120002001010201
000020012001020201000020
100000000022020012001000
000000001000010021001020
002201000002210210222220
002010200200000010000200
000000001010020010210000
100002102220000002200120
120110200000001010100102
