28 4
2041000312300141230000000022
0303003343100403004033000102
0200010304040200041030043241
4202012000003100000044000104
0040003000111101010100042202
2441300001304400000400000024
0434030404010200003003302100
1004440443310221030204300313
0004400200003201213012210024
4034220000230024210423024423
2404333432012233200004230000
3023140433101133224030203110
3131213000101003020000300300
2001000030300000030400000034
2422301020020101100002000013
0000000002000024113210203410
3212200040340240320004030004
0401100300400000024010120012
4000042004044001320000000040
0013212013420400134100130400
4024002300102101120202040240
3020331000044003010102021022
3023410303100200000112400301
4100100004344024421040400104
0103000020132400000000431434
3101000301441031404000000030
0020103310310231340201101032
0002100000200302240004200040
