45 5
010101000013000000503000001450000004020404100
110000441000040050051000000000000004050010000
030004000002000400400000530000000004300020100
400000004105031500201000000100200000002000030
004200002000400103000005000320020040200000003
005050000030500000202000000000040540001030004
000105051000020000000000000000000030105003000
300000200000000004001003000000003000010040000
205000000203301000200000100540000000000000002
000150010000300230510400000000300403000000400
000000003000020000004000000000000000200531204
030420000503000000100200000025000000130500004
100004002400000000000000000310450530300003000
000020004050004000000015000200005000000015000
000300001000000000000200310000002000000030000
000000500205000000000000500003010104024000000
020400500410500000100000100015300000400300001
030002000000001005000030040000102020000000010
202100000500000001040000005100025004403000000
000400020020001033000240011010100004250000000
030050000400350030420000210500002000000000240
000000053000200030400010000000024005010000003
003010045000400240000000000002000000040300020
004550200040000000230040000003030000445000300
010000002000550000410200000001000200040000003
100000200400030000000000400000000000000000000
000030100030300000000030400002000000200023010
000100000500003050050200001345000000025003000
400000200020000030102000300050000000020000000
000045000050000050003015010550000301000003000
004055010300000003200000000000200000030000030
000000102000010000000000300044500405000000030
000030035004020400000500033410000001500005040
000000000045200002200000000021025000040000040
000000005000200300040000000000000000202010000
400001000040400000000300040002005002100030000
004000100000002003010500000000000030000000000
000005050300004100000051000400000000000000010
001100030000430500150005000000100000000300000
000200005102001000051400000000000000005003000
000400005500002000000000020010002120000000000
500000000200000400341100500100000000000040023
430000004003420000300305000500000035005022502
010000000055004000002020500000300010000000400
030120000000000300000045000000000022000500000
