27 2
010000000102010001002000002
000200000000000222210000020
100000200000000202000001000
000020202000010002010001000
021020200120000000010000010
101010021000000000210200220
002000100001002000211200000
010200000000100100200220000
000020110000210200102202000
100001000100002000000001000
000200100000020000100000101
200000120022200000000000001
000200000102002010010210110
111200022020000001012000200
000000220002000000021000010
000000010100000100020200101
100000000012120001000000200
000000000000000000100101102
020000000000211010001000000
020000010000000002002000002
000102000010020020200010102
000000001000001000000200201
100000002000001011001021200
000200100120001002000020100
002200000100000102000011002
000000001211002020010102021
000000100022002002000100000
