22 3
0000031002112101310230
0011030011212223203002
0010020013310300331101
2000323303210213023000
1210003203212110000001
1002101103310300033021
0000130133030230111202
1033333000201123012200
0230210001010013233101
0130212231321132011012
1320330123013021323231
0111102231201020000002
3200032030030130201212
0032030120030013003320
2312303022002212010200
1000220201000123013000
0310120020200230212321
0300001001213232322100
0001233322211311323012
3123030003030213002230
2331130002020330123210
2120012033203023013203
