30 4
004000300000004000404040021003
110000100004031000032300000004
400043200340003014012000001020
103101103230020010042203424033
120034400000010003000041003004
000341000240401000001003002013
020440244040200304340000000004
020243004320123000003301202240
120000320300103200203000001202
000020112020040300402030030414
100304130013000002004040240240
000404000000300000102040010002
010304111212404000100400230200
004303213031042220303000000110
000204301022010001000200023210
000130340000004100200324414000
043300303000010000024403000300
040000010000231000400210000100
210323140000000000001300023010
024220030000210000212030041000
002003000122010120000240424200
300000120342010100300333400400
201010200002000400343200000002
103302020042000400304102001002
001340420021203000030204001301
201033011042100402340113000010
000000010124241003240300400100
300400304314410440230030013230
330003020434004140000300344004
010104000100100100400210310012
