44 5
02000000004004200050050040004220015010000000
01020000205000000400000400421050000100502020
03050200100000000000300005001505230000000000
00000040001030050303000050202040040050300000
30030003000000010400000250000350000010300010
04020000000002004030500503000003005001000000
40100404000000502200002030000000000100050005
00302030100000031000020000030000014044003002
20000030000000004000000013002000004000200000
01300200400000000050000000030010001300000200
34000405000022020400000000004000120040500054
00000500500003400052054000050010000000030000
02403000000005000501000000430000403205150050
02000300040304500002000100000200100500004024
30000002100000000040000001000001000540000020
24010000000010000040400300000002405000040004
11002005000000000000000030014000000000240000
01230003030000003053000000000000000400044000
00000551010040000000004040203400553000000023
00000003005000030002000500020400000000100450
01000310000530050405001000200001000000000221
20102000101000104001005000005040500104000000
00000010000024000000003003000005000000300000
00003000305000003000000031000000005000040000
40100004000000000000000001005000000000000200
00000500000000003005001000505000000002205000
00340000002000012020000000005000000000000300
01500000000000033004101010000000300520054131
00000100100000000301001003000000400002000020
40500030400033000050000401001003400204040240
02000000000000000100000000501000200000000000
00020000000000530000000001330000030102400000
03500003000000032001000232000100020200350004
00004005000030000110002000200002050502430000
20500500500000000000000000010400004020500000
00002000000000005045000020500000500200300300
03001000000000045040000100500000000000500000
01040500000300240200000305014402100050000541
50004000100003000003112010000400004003000142
00001200000000200100002050040335000000000300
00000000000000040013004000000000020000000100
13000010000520200000001000040105210000000000
20000003300000500034000000150000030300001000
00000303000050000200000200100002504000040000
