28 2
0002000002000000000000202220
0000020001022001000000020020
1010100000020001020000000001
1202122010020010100000000201
0010000201000010200001000010
0001202000000020001000000021
1000000020001200002000000010
1200000000201000000000100000
0000020000000000000000120000
2122000000000001012000000002
1000002000210021021100100000
2110102220000000002020200000
2000000102200000010010010002
2001010000000001011000100000
0011201001000100200021200200
0000002001001000000000020000
2022000010100001020000200000
0010001002220010200100000000
0100100010000210001010120000
0002000211002000100000001100
0020000000020000000010010000
0002002000001000200000100201
0200000022000000100002002010
0000021100200200000000000000
0102010000000100100000000000
0020000001010020000000000010
0000020021010200002000220001
0021000010010000020000001020
