23 3
13030103233003320212202
02201210100310001323030
02022103023033000200012
20030000230000022201130
10111013300202011312200
03100100031010133110302
00000013032030010012301
00102010120120000000300
01203303022303100000023
12101100200321230030010
23231000300020102003032
03033230012021023002303
22000221313202320000013
01022301013102102012113
10303030001030220220232
02233012131300331211033
00032010122100231313220
11030130032100030003200
31022020220100021131320
11100122100031000000213
00200001133020210020101
33100000123300210130030
02232030132033011010230
