26 4
43321200204404042140100234
12310001004321404441201043
10200030100420232333434132
31230103140203032003110013
42000201130104321400300300
23404014410423010203010013
21000214023000110002012030
30020010044004340130042041
13240034023402444122430211
22140101244004343042111223
00003020001200000040113004
10110000221224432301323003
40231043031241021020413431
30421004400003422042200002
20033003400020340342033020
00302400300010000044000130
01412401023000040303022330
10042040002012200130031031
04322100101010300300020403
04040022300310202432000031
42030131122341040344011424
01322104410014003040010004
00143000120000004413203232
03000000020000240020114010
32030241400030014211133023
00201342023440414000300000
