46 5
0000004000550000000000000000000050330505003404
0254000020001001304000005000000100005000400010
5400005000004000000100020400300000005020040000
0000005000001000000000300000000000050003000200
0000010000000003000014044400005003000000004000
4030001200004001002500000020002004020000100054
0000000010500000000000030000000030200000010000
0000001003002004300004005000000050000003000000
1002500002000012030000000300230000004030220000
0000000501000000000010050420403100300200004005
1020004000001000000000000025200044500000050040
0022000000500000000031300100004040020400000004
2050000000000330010200000040100004030000053000
0000500000000000024000000002030000103030000501
3000200000020004000000002000000000300020000300
0000001500000000000000005001302033000205010010
0020000105050000020000100350000000000000000000
2000010000230000003400000300000050010030010000
0010000000000000000000500500000000000200020020
0005010300200504000500300030000000350000002005
0000300000010042042030000000010000000100000302
0000000530400030000000000020010010000430410100
4003000520000000050000000000000000000040000000
5000200004030000000120502500005000000001000000
2000103030102000004000000000200240010000005041
0025100043503000040302005400002000000010000000
0000000300000403530100000004003050050000000003
4000004000000100000512004030020000321000000000
0030000014400050020020000402300050004002030032
0000040500000400000002000300000002000040001005
0501000000500003500000000420000000400010000030
0322004000020000050000000000000001200002000040
0100050000000000000005040020005000050000000000
0000000000030400000033001202000000000300002000
5420000000000000003050500400300000000000000000
5030020010040010220520020200000100000300000550
4000100300040000400004000004013000050010005300
0040001000000000000100020050200300400000004000
0000030004100010500000000000000520103000004410
0000001411100015040540100000510003403100000000
0000500000040003200000040001000005000000000004
0003305000000002000010040023000005000000110010
0000101000500200000100000000130000300003000010
0030000000000000000000021004000000005000002000
0004000030000010000510400031000200400000000405
4550000022000000020050000050000000501000003401
