36 2
000000002000001000100000200000000000
010000000010022200000100000000000000
000001000000102010000000201110010001
100000000001000000000002000000000100
000001000010100002000000000102000000
000000000200100110000020000010010000
001200000000000000000000002000000000
010000000000010000001000002010000000
100000000000000000000200020000000200
000010002000000000000102000020020010
020002000000010000000000000000200000
222100000000000000001000000100010000
000010101010201010000000000000000022
000000200000000000000000022000001000
010000000000020200000000000000100200
020000001000000010202000020000000101
000000000000000000000000000110002000
000000100002000010012000020000000000
100000000000100200200000000200200000
010000000010010010020020000000020202
000100010000000000000000020002100020
000000001020020000001202000000000000
000100202000000000000020000000000010
000000002000000000010000000000000000
020001000000000000000000000000000000
000020210000200000200000002002100000
001000001000000100220000100000000000
010000000000000000002020000001000000
000100100000000000000020000000000000
000100002101000010000000100000001002
000010000200002000000000000000000010
010000000120000000000200200000000000
020101000000000000000220020000100100
000000100000020000000002200000222000
000000020000000020001020000100200000
000000000000000002000000020000010000
