22 3
2123023210302003121021
2330103122003122330323
0020132311000002301011
2300032233301132000203
2000003000300031020003
2010210123332000200021
2101030102200210031200
3001303200302023320321
1030311030021101000100
0210330103030111213122
0003002030231020122010
2002302103302221003203
1300022311201010323211
3201111010332301311120
3223000233231001300000
1300303000003101322013
0322110230303101322032
0112000102212111220321
0230112130000000220033
3010122101231300100120
3000233332003102313222
1311000131320012102000
