32 4
41303000100031400023330010001200
31000010022020403000000030000400
00000003024400200100400202040000
40014000200000200034401202441200
00004403001000043000400100020211
10000031100400404323313440030000
01200324330330012000000000310400
00101044200020120022000000210000
00044003001120300004000100040110
04032403000001020400002000241223
02000300022240001300000000400234
02020002024000000300000020004201
00002001000000003000222000103040
13244014000010400000000120020000
00000201000030410030000241303403
20204023004220001000130000402100
03000401040000200000010100000303
02142240002003003400000000042310
02000400010000132002130000404021
00000000000101020400100443100100
00002034240000001304010030100400
00000100402000430300010020010000
20130300114300004003420000003004
04101333031004000300030003000003
04302010420200004200000200303000
02030100301000000032210000133101
01021300020004404103120003043020
00240000102300000000030204004300
40304020402010300000033100103410
14303040000031400213000003130004
00023400000001400104000210404102
00000000000100140002323000200014
