39 5
500010003550011005203000004023400005052
000001200424002000001500005000410130100
040000550503301002002040504410010000200
010020030000000502040000000000400200502
000100234230040040001400000000020000505
000400000000004002000045004300000013201
002000002000000000103010201050000003005
000030001100000005350000503000000210100
020100055000000040020530000000450000001
005020000220300002200003042240000030400
400020055005030020020000400000000201001
000300003025000103030005000100030004420
000200400440534000000000000004003120000
300000003005400000305203010000303001030
005500000100002001000020000000050000300
000000130400504000032502004400000025004
043002300503000041020005053000000000001
000040005040000040302000544100020503101
105005400400035001000500020102041050000
102005001005040003033500503000030101300
210000000000040033320000000423040000000
350005051330400040004100010004001004005
521030400000000425000300000400000002302
000400042410000000023001100500400044051
000400050000105400500102152002003000000
400004002000004000003400003055000502050
403030553530003004000000132010000202000
100010020212005500002042500040000110002
000000450000000113310001005300000400400
100004020002443000324300040000003031500
030500200003000005350000000200000100100
004530040230050000001000000000010002100
000000300000020010000004210501120000001
000050030002055000000320020003001050000
003000005004000500304000000014040000402
525000003005005000500021100121043100011
000130205010000000000000030022001002000
040000000420201043004000101000000034300
300100402003000000000052300000000000000
