23 4
12243414311202022432311
20141413032314040104404
03101043123340403144003
33411214302234243313040
23030032011320132344444
30034422000012230004121
30422413442030412124304
24203210432102022314110
43322001242334030200402
03124313121001112420021
42400442332042123114102
13030300424400430000033
12130404222014222102212
41040034232134044121311
32340334021024313302043
23003033411312311102010
04321340214343000040012
10401031412334443022101
00024124121244100340144
00321311302424141120104
33312010031020120001001
42413234003240032043213
44143421300220134213233
