39 5
100040020000022000301300000003500540005
004000003300001002500501500003020204100
000200000020050500020254000000000200022
320004001000300400301430350052000003404
000013000103001400000000005454043030003
003500020000005010502000000001234005040
100040000040340500123000102000000000352
205130200030352005050110400145050200400
000010140101000340504004000012000220000
000411500000005000300000003005542100200
000000010000000100000140040030000035032
504000010000040000555504003100000000000
050500000010050000004201005002000303010
310000010000000110040020000001005205100
504500405000150200102000000200050200000
000000110403002000300000000300500030000
023004030101030050505000100500101001000
040000000200053104030000000000022005020
032030000250003300030005001400410153500
003000005100001000000000300000030500000
243000000400000303040040033004100012100
200004004000003200000003241000100000003
000000002030530040040220400000000020022
000400034343005010400000300502404335001
015000001400000000000000030004001043004
352431000000504040050420000200000000005
002520000003130500020005530000051005000
140002220204000000000042202004400200440
004000540410000002000342050020000000030
520010401000201400003000052100003000004
050003510012000002300010000000000044000
000000004200000050002030100000010022300
300003000003000002010000000010000002135
240000000100500000000000145000400540000
020052312000130001001000000003000200004
500300000040400005015000200304012105100
444000000004001000000340300000045020200
030000005501005500000355003002003014002
001050050010010002200000300000000000000
