24 2
000002121001012012200110
000000200000100000200001
222020110000100101102200
110000002102002000010110
211000000202002022020200
002120000210001000210010
212201120001020011100212
000020211020000100100000
021000011200121100001020
222100000001200011102120
200001022100010000121010
000010002111101022121000
011001102000001000000002
201000002100100010000210
000002022120000010010000
020000000000000101001000
000200022100002000200010
000000000000200000020202
000010010000000000002000
001221101202000002200200
002000220020000000000020
120000001120000000000020
020022010000000110100000
120000002022000102000200
