36 3
200000000020001300030300001000300000
102020000300002000000201021010000003
000000003300000000300000200000302000
202000201000002000000001330000010000
030000300032000002020010000003000001
100002020003020010103000000300000000
103000003100000010002000000010000000
003000000023300300030000100000202211
302000200010000010000010003000030300
000000000010022000300000230000000000
201200001002010000000000100200330020
000000002000000320030300000000000302
000001100000001000103000000000010200
110200001000003000020010011000000000
000000010000000000000300000003010000
000030001030000000303310200000000100
020000000102200000020100000000030000
000000001003020000021200300000201000
300210000000300200300000000000300000
000121000000000002000000302000002010
030000030001000000000020020300020201
202200302000000000021000000000003010
020022000032002011000103030100000000
000000000003000000301000120230000002
000000003200000020000000000023000000
002010002010000000000303130300021300
001010001010000010100000011013100010
210000000000000000220020030032000030
000000200000000310003030100000000000
000002000030010130000000020000010000
330000100020000030000003000301001200
003000022000003320000003010000000000
000000000000000010000000000010000003
000100010000000330000000000031000000
013000002000022000320003001001030220
000000230000000000000100002011002000
