22 4
3223444124034344114230
1443310433013214221410
4424110134213311422320
2120213111413304430042
0131202111030302102303
0003020443444444430241
2041401222423131220414
4132033333313144120340
2022202134001124130102
3102101423124402213011
1434221204012412123433
0112013034320134230334
0202221344300223014100
0444311334124420442334
3223202314321440324442
1112144342003221030110
1024013012213434314120
0043032213410002233002
3313331202234042133023
1124122420014211441223
4141132134324042123424
1243043303311434233041
