30 5
200540000505232504350034200403
400500002441452140305402000200
203045024000010450353433302132
100301005023050000150133003000
000000405300014010005000200430
022500014113005104050000004100
150000101504000204002030502240
304050100510000533002135125151
503003040305025310013002044215
300401331433520320505253030230
003310040040202222200415500254
254014000050014100420542100002
000003510130120050525520033442
201005042322001102340010500304
240000330013004051200211500503
320402142000410040201510020500
400050144500025102504143001043
401404500050200032300440000100
104405241435035142301150011500
030033241535450203054003402000
423012030510000135541015404002
000400003020040204210040000205
004015000000001430003000335554
400005024022110000033350000000
000200231442111534130300504302
200331310000023100304015100304
000515140300512405220024550243
001003300001030130114501020000
002000350121155421352440534300
000521215245002223430021055402
