38 2
02000000000200002000000001000100020000
00100000000020010000000000100000000020
10000002000000200000000000000000000001
00002000010002000000002000000120020001
20000000020000000000000200000000100000
00000200100010010000100020000000001202
00000102010100000000000000000000000200
20000010000100001000200000000001110000
10120000000000000000100000000000000000
02020002000001010000000000100000000000
00002200000000000000000000000100000000
00000000000000000001000000000201000010
00000000100000220000000000001000002000
00000000021000000000000000000000000200
00000011000000020000200000000000100010
00000000200000000000000000200000000000
00000000010100000002000000000000010012
00000200000000000101000000100000010002
00100000112000000000000000000000000000
00000000010000000000000000010000000000
00000000000101000200021000000210000100
00000000000001011000100000002020000020
00120000000000000000202020000000000000
00000000000000000000000010020000000020
00000000000000001000000000000000000000
00000000000000200120000000000202010001
10001010000010000000000020000022000020
00002200002002001000000000000200010020
00000002000000000000000000000000000000
10002000010002022000000000000000000110
00002200200100000001002100022001000000
00020000001000000000000000000202020000
00000000000000000000020000000001000002
00000000012000000001000000000000000001
00020000000000002020000000100002000200
02000000200000000100000000000000000000
00000100100000000000001000000000000000
02000000011020010010020020000001000100
