33 3
103000013020010110001000000323220
200001000300000200203100000000000
003000002020010100000030000000200
120000001012000000000001100200231
000001101002000300313120000200000
000010010002013012000000000000030
302022030000000100303000000000000
000003203300010003310000002000000
110000201000102000002010010013000
002100221300000102000001100000200
000000002323023020320010130230000
000300000000200000001000000010300
300000010000000300303100030220000
012001030000000020000030001310010
100010000300000200202000100200100
300200100000302110012000130000000
000000310000000000023300010120003
020002002300000000000030303012220
030000030020201202000000000000002
000010000300300120300000003012120
010030020010102000003000000000233
000000000020300000010000000220003
033000030030003000001010000000033
020003020100000300000020002000000
021000000030001003000000000310001
000000000030000003100000010000000
000000200132000013100001031200000
000000023020020000302302000000000
000000010300000002020000000010000
032030000003000000001033000000000
000010320300200000000001030003003
001032000220000202200000000100000
000121012300200313000000012000001
