22 4
1411114201041410032222
2443031332344320422411
0043023311014443130120
0344030423140323433203
4334423442414221311001
4302332122204422110043
4024112113202344101441
2401424024324432033214
2420410214311031113100
0104231414234341040024
2222204441312310243431
2314232121033023314103
4212102310243420030234
0133023424444400124322
2210304200140324232232
2210323330040103010211
4400342314121443301220
3111422410130231341431
0210030314131121312102
0333422214141031343233
4423301044212413301333
1231140221443032420143
