31 5
0000530054440000021500020401020
3024534023003353030401030400300
5100400032420401205500000445450
0540000103010005512000403000403
1035530555311005502004453214323
0040045003023001204005440420010
1040045000131230000300004030221
3025002050141025052345000230010
1000301200000000030002205000030
0310553450353315230220500400000
3151024000003010100033042010000
0014403305220105405004353420000
4400200020403431001005200050200
0244202504003205140030310350010
1012010105500002510200000430040
0040002021510035220054440024025
0000314510000010042250002112304
3002010003010002101000000000413
2000200115052000002000200000200
2150401003002052003200101440300
4445101100004035410425000000004
0100003142034000001001020103042
0511003020300005503042100233001
3511515101520300020050044045011
5032250314030005030052340540000
2503000213014003542001440002405
5140454232100015403004555053500
0200540351300040032250213005010
3052005000200350030501403034040
5021010423004344045204212500000
1301103122502030001010035300200
