38 2
00010100000001000001000000001000000000
02001010100000100000000000101000000020
00001001000000000000200000000000010020
20000020202000120000000020000000000001
00000002000002000000100000010000020000
00100000010000001000000000000100002000
02000020000000200000000000002200001000
10000200000000000000000000012000000000
00002000000000002000000000022002000200
02000000000000000002022000000202000202
02000020000000000000000100000000010000
02022000100000000000000001000020002000
00000000000002000000201000001000000000
21000000100000000100000000000012000000
20000000002000000000000000002020000000
00010000000000000001100001201000000000
00000000000000002000010100000002200000
00000000020000000011000000010002000011
00000000000000200000012000000000020000
00001000000000001000000000010000000000
00000001000000000010000000000000000000
00200000100001001200012000000000000000
00012000000000000000000000000000000000
00002000000000010002000010000000000000
00000100220010001000000000000000010200
00000000200000100000010000010000000000
00000000010020000000020000002200000000
00000000000000000002001010001000000000
00000001001000000000000000010001000000
00000000001000000020020000200000000000
00000000000002000000000002000102000000
00000001000200000001000000000020010000
00001100001000101000000000000102220020
00000010020000022000000000000000000000
00021000000202200000000000001000020000
01000000010000200000000100000000210000
00000020000001000000000000010000002000
00010000100010200000100100000000200000
