33 4
000014000040400000333043030000000
022004000001030201040300300002000
103010100120010300300410000000000
200040011304001400040011330302003
000003300000420004001130100020330
000000002100014300404030100044031
300022100023022004200202030012400
100402001210100000002030040000000
000010042000000202300000000022004
000200020200033412003000201001000
003020330000044030000300100003032
014041000010020000040000013030200
210030040102001000000040040002214
410311000000014020304224003010310
004300000020000000000100410000021
300201001010204000030003204310000
000000111212400040030100004043004
010403000401213000000034404310000
000040000000200023010000000220000
001002100224101300032000000040001
000400200000040000100030033000100
000041002000004002020322040004040
000000000000002040000030000000000
432300020240303020200000000340404
000000200413000040303030021401403
020420022110020130001004344410133
004000000404030010304000402430204
404004000020004321030310400030004
400002000000030102033010030200300
300000010000004010040010002002020
004001213002100000300200103000201
010100014202002002200040000442100
000000030000010003340400210013302
