45 5
001005002301020000010300300202010000000000100
000004400400403000000000000005100000300000040
000000000000010100000300100001000000002000050
000400005523220000000544410000000030000000004
000021040000000000450000030300000024005000045
000000000320000320050000000000000100400003200
300000000002330000100440500000000410040001505
000000000000000000500030043130200002000000000
024412000000001400002000040010502005004000000
000000200000000000000003000000500001000000000
001000402304000020003000340000010000025000505
200000000300000000000005000002400000400200000
002100010005000000050420005004000000050002000
550000300001000000000000000010000000020050404
020302400404003000030430000023000014004500200
100000100325033000400000000010130000500050210
030200000005000100040345000100200004200000000
000054000050000000000000000020000000010005000
000400010030000000110000002040000242000003500
000011010003000000051004003022225020020000400
040350003000100402000000300000000200000012042
000002104325200000020000002300000100230100000
005000504503000320033040020000000300003100000
000100040020000010010020005000000000503001005
002000000000005000300000000000004000000000000
000005500015010025000200010000000300550450300
000554000000000000000020000040004004500000000
030530500000000000200000200000000000000045100
000000030020000000000000040300040005000000002
020302000001400000400000301033000300030000200
000103000000000500200040000000005000000200000
054005100000005004000000000000000000053000000
000030000104110100004020100042400000500000000
300002200500043400040503010000000050000300000
000000024000002000000000340000013010100000045
040000000500000000050000341020003500000000330
000003500030105200305204300000020001000000000
000140000000200504001100000004003001200100000
002040050001000005050000100000000000000004003
510004000000000010403020041100500000000003000
000100010002020000050000503001000050005000000
110010000040000040200010003000000000030000010
300000005000000001003400020051052450040100000
000003050100002000000000000500310503000050000
000040000003203025053000000312000110003000044
