39 2
020000000000100000002102000000000000000
010000120000020000020000000000000001020
200000000020010010000010000000000000000
000002000000000002001000000100001200020
102100000000000000100000000000000000010
100000000000000200000000000020000200000
000000002000000000000000100000000000000
000000001100000000000210000000000020000
001000000000000000010000000000000000000
000002000000000000000000200001000000000
000000200000000010000000000000000020000
000000000010002100000000000002000000200
100200000200200000100010000000000001000
000000001020001120000000000000001001002
010000101000000010000000000000000200000
120202000202010000000000000000000011000
000011002020000010200000022000020100000
200001000000010010000001010000001000000
000000000200000010000000000010000000000
100000000000200020002000000200002000010
002010000000000000000010000000020000000
000000000000010000000000000000000000000
021000001200200000000000000000001000010
000000000000000001000000000000000000001
000000000010000000000000000010010001020
000000000000000000020000000000000002000
000100000102002000000000000000000000021
000002000002000100011000000000200020002
010000000000000022200010000020000001000
000000000101020000000000000000002010012
000000002000000002010000000000000010000
000000000000000011020201000100000002000
000000000000202000000000100002000002000
000000001020000000200000000000000001020
000000000002020100000102000001000000022
000000000000020100000000000000000200000
000001200000000000010000000012000020200
000000000000002000100000000000000000000
000000000000000000000000002000000000000
