23 3
01212001031202213210001
03023030311201310230000
01101112300103000311200
33000202230102020000023
13012130230001330122033
00310023111011200120112
00132100201001013303020
31301000011102130202000
22001022113113110021101
21022200300230020031033
00020301100312021220230
03030300032322001100003
10030032200103203022011
30000031221112020202103
21002023123001003020011
23030332000210300103213
23123302003102033002103
20000103133231300110000
02002003320302022300222
03022010100100200333010
03323313020030101033000
12201000330200010210300
20030020303000003210320
