31 4
0020320142000000012004342400030
0210444103010040024000024002000
3213400000200201020002140130000
0043120000000000020010001000430
0143021402022400431400040000003
0004201210000012402401030102114
0400142010031000002003022003330
0423302040231011301002402130210
0001040000002032030001330002040
0021010020302410201000002201004
0000000142000000010000100401200
0110202000000002220233030013330
0000000032043300040410000200300
4040004310000000130002040000010
0000400000030031100001000013000
3000400000000000030031004312000
3303001000004004010030344000000
0003000414000400004000002120011
0000000301004100004014300003200
4300000100113430010000001002200
2000000120100000010022020003034
4233034000100300002102300040040
0003000004200202040013441040040
4020004010213004413403222000010
2440001400102042003434030241301
0034000040304020002040031020030
0030200103032300104001302000020
4000300120002321440000001023341
0240030000001430000124024030101
0240000100200100233304403001000
0003040000010000442000230303300
