38 5
04510005203003000023000000500050010020
00510020005505044040000442401000020000
00004020000005003501000402030000000200
00000043041002500000010030511030000000
04500000021000040153000000020000031040
00000010000010000100420050004020000000
00010000005001000021000010030150000050
00155003000023001410000000410400002300
03000030130030400000010500303022125020
35001002250030200203000011000004001521
03500040405200004000500201030500000055
00450002230100020000400050030000520200
00301200000400000205300300000500500030
13402000404050220033400000001530010003
00002001000202023000005250000050200420
00330000000300004011010300000000000000
55040000132440040343033000300003004050
30000040400504302250000004010030000250
41223050050002203000301200400000235505
00000000200000301100000100030000100351
10500000403000200400001005400420000050
00020000030010000005000020003500105001
30500100000204100002002441050000050005
00000001030022053000000103010500300500
00000400510020200000000420040000100003
30100010040300300004000052000003000042
01411500003001500000400410005140000503
43010000400004300040303004100001030020
00302555000000104000142010020002000504
00500040002150011010020000404400020010
40020204030000500503152000040040003000
31350005504040000000000404010000000000
00040004220040201051001000202005000000
30403040004233014000505200000031000054
40000001004000000010000004300000000002
03023042005002001030000040500330002005
20004014005005005120023002005000040003
30000010520050000000001410503022403010
