26 2
02000000000000200100000120
21101020220002000022012010
02000020000000110202002000
21002021011001022100002101
00002001001001222000110002
00101000022100001100000020
10022001022000200210000010
02200000011000000000000020
00000200200221001100210020
12000000010000000100000110
00000002200000110200010100
00200000211001100100011000
00010020000000100010100000
02000021002000202000000000
00000020002000000200000000
10001100000011000020002011
02001200000100002000101000
00000002000000002100000000
22110012202100100001020020
00000021000000000000000021
00000021200211220000010201
00000000001020010020101000
00001020102010100101100100
00001200000000000021001022
00200002000000000000000000
02002020020021000200220100
