34 3
0020130313000000130000010300100000
0000002001000220010000300000000030
0003030000000202000030000201000100
0010000000200000011030300030003230
0000001002300100200000300000200320
0032000000030030000003000100130010
0031002030000300102021000110020320
0001030300002000000010300032100030
1000000000001000001200022000000000
0001003020000321200020011320000000
0020003000003020000000100010030011
0000001000000300200200100000000200
0332002000220310030000001010000003
1000020220003010020102003000100330
2000010000022120002000000013003000
0000000000000003002320000000000000
0300002000000010110000001010030200
0000000000000020000001000000002020
0002000000000002000030003000200030
0100000002000003100100020002000000
1021003100000000020100012100032002
0003000000200032100030002020000000
0000000000000301000001210000000000
0330000303000300220000000000000300
0000003030000000000303002100000001
0300100300010000022001030000302003
0000003301000000002100103000000030
2001001000002202000000002100001000
2000000000100200020000100000200002
0030030000003100110110000030002000
1010330200000030020010000003000002
0031020000000000010010300002003000
2002001000230001020031300000010000
0000010000000201200003310000300010
