35 5
01001000034233501050003101300040013
05040033130010005020000500030232000
22002000410000400004301115000251002
50200000000000550400041003420000000
00000020553001532001050115412000302
20002040200000003002405000400200000
00000110114201002014020000000411013
01400000300005020310040000000502002
00511002000300020300300004031302311
50000351520030002100000400004003444
10020000000120055044153305430003522
00400000030005002000403040013054455
02000000000003000400020020002034200
00005150500034050354000033000030501
04520000400000000002004400500500001
53004010000000100005000533000530510
00010004504010311005501000004000020
30034050040300300300040402420052300
00040300405000520400214000004050100
00022435404000045010004502004030102
20530025002001023110105200520254310
00104000230304000430003040010500050
01040022000000540002300030100304015
01123001020350310032444000002000424
32002120000454050310030352000205003
00010250015000024003013513130000003
01030050500200003420000420040050030
50050500001050020501500000440000005
00030000101052040300301003100050020
03000005023300000550301000030005031
02400003102300004002000120420000525
00300450000050040004454000000005100
10445002000200020402000000312444030
03000020100001040000040052001004521
00000240101010000050001000020000215
