24 3
332120001232003100000011
011310022032020002000210
022001030101303313031310
313303003000122030003331
003003031131200203000333
321022110200220000303202
300031110222122001011320
000110000031000201023003
320000011022203300020301
000030131003012212320210
030300230303231001001002
102000320010100302033302
101203100023003301210102
130200000002300120201002
202023020020123030013101
000000023133313310010121
210310003031200030000011
123301000000100000103220
022020022202113320000003
000000300102231000102111
002002200223000230000000
010213102131322120000000
010301310030003003020030
100112213322123002001000
