38 4
00031200004401010200000000302001044030
10000303030000020000000100010401312321
40000000003101023120014203040003000040
00000000040000200000000030000000020000
00302400300000410200002020000000012002
00100000000003000040010141000400004002
00001020000240020002000000300000010320
20330400010000004000003002000000202003
04000040430004000000020423030040200020
00000000003110000004001003013200000003
00000002101000010030000000000200020000
40000030300000010200010012000000040030
10044000000004000010110000000000000000
10100000000410000000004003020031000030
00000000000040002024000043012004400120
00400003000300104000020004100004000000
04000000020020000300000000000000000000
00000000010100000024004300002220000002
13011002002000004000110200020004043403
40000000000020000004000002241000034000
00000000003030004142001404012030333002
00230000000000000044101110000000030041
11400000030400001000404000000000140000
01040000000030000010001000100200000000
00030003001000000400000000000000340300
00200010003200300000003000002002010200
00001300000022300003233000001000000100
00000000000003000002000301000001000004
00032000400202000003000000000434230033
00000000002400200020001000100400000400
01040000004020201024000003003000030030
02030200010020210002000000000000001400
00104044300144400000010000102000234000
22031000003004040400000000004000000000
02003001040003203400000040010003303000
20102000200000003030000122003140001030
02000000000400000430300000000300300000
01022040001000004004000401000003011300
