32 5
01540403000100310300142004205110
55005500404200305010122411030500
13040505020400320000020010303340
42252000003502133410400014140000
50030040000101200144300143000002
13520050040004031301321044031354
31414020532040320051500500200004
03101020303010050000000320300200
03010120524000100130100001550014
40303100000050400011000500000010
01300000010001003541000151130400
22230305005504100000000330055005
04522001040020040010000042003002
00534024040011023550305031100001
01000000000042500310000002044540
50100030042002050000000002020200
52504405100010500000040003200000
00405000050401202000504450030254
01203500550000303032241203030050
32030000030400020303001002300540
00321540103202352202513012000005
50323050321000011400502004051044
00002200055000202005025550001444
30540500000413020005322504010321
00400205230001053324000540040220
00250050100500302100202452403035
00030003004020124000525003050301
00021410001410121003300010000254
00030055450000000512400002315304
35440202244400000013400140200420
43010344500143203350343450110050
20403053040010203100002500450000
