37 2
0010000010100000000000100000000000200
2000000102000000000000000000000000000
0000000000000002002000000000001000200
2000002200200122000000000201000101010
1000000000000002000001000100000000000
0220100000001000000000020000000010000
0000200000001100000000202010002010000
0000000000002020000000000012000000000
2000000000000021000000000200200000000
0000002000100000100000000100000000201
2000000000000000010000000010000020100
0002020000000200010020000000101000002
0000101000201200010000000010010000200
1200220000000100000000000010000000202
2000010000000000000000000100000002000
0010000000000000100000100122020000200
0000200000000000200000000000000000000
0010000000000001000000000200100000000
0000000000000000101000100000000000001
0200000000000200100000000000200002000
0000000200000100020000010000000000001
0002000000000100000001000000020000000
0020000201000000010000200000200002000
1000200000000100010000000000000000001
0000000001002020000000000000100100000
0010000000020000010102000000001000200
2001000000001000000000010020000000000
0000000000000000000000000020110000000
0002000000000000202000000000000001000
0002100010000010000000000220000220000
0000000020000002000000000000000010000
0000020020000000000000000000000000000
0000000001100120000000001020000110000
0200000000002000000001020000001100001
0000000202200000010000000000020000000
0000100002100000000000000000200000000
0000000010010000000100020000000000000
