24 3
321202110001000033103033
311033130210133330100020
001000010000030303031210
300000132202003103003030
100030200320101032001132
001012302023301022202000
220001002200002203000203
201023202122030320000002
001300300210111000220003
002200102103201323333000
000302003033000302100300
000012003003330200001033
330122002300301030103202
103222102003020212112323
003112010000011211100000
210000100131000011200012
223320300103330300022000
010030312210102331002000
100130102010021320000000
001130011320233200221200
130002200001221000311011
001021010200101302102030
000320100300330302202101
123002021021131003030310
