45 4
000000000000002000000303000000000400401040001
020000000000300000000000040043000000000000020
000000021400040000000000300100030000000000000
200400113013000000004000000012400024000004000
100000000000000000000040000000000000000000000
001010003003001000000020000000002000104200000
000000000300040000000000310000000300000000020
210200004000020000000010000000000000000000100
000043000000000001000040000010000400000400000
004000003130020004030100000000400100200000002
400000020000000000004310000400000000000003300
000000000000000400000100001004001000000000002
000032100000000000003003002000300000100000000
400003030020010004001000000110000040000000000
010000000001003000000300002003000024000300200
000003010000000000010304000001000002304000000
000203210303200300200002001200000030000000032
000010020000204020030000400003000423020001021
000001200044000300000400100000000000001012040
000330000000000000000000000003000000000010000
000000000003000003000000132002040000000000000
010000000000040004000000400011001000300004000
000032000200200000000100000000400020000431303
000000003043000010003000000000000100000001020
000003010000000400002002000000002300000401000
002300001000300000000000100000000000003001000
004000010000001000400001000002000000203000200
020030300020002020000000000000000300430000002
000000000000304031000204030000000000004000002
000000000020040024000000000000400030000400021
002400000104040400003000000000031010301000040
100000130004003000000000000000040400003000200
003000000000020000000000000203000001000000003
000042430200000102000400000000100000103000400
000000000020000000004002000302000000040000300
000010030002000000000000200002010000000100340
040000000440000000030000020400030021103002000
104000001000020000004000200000004000300001000
200002400002411000001400000000002030000020040
220300000000000000000200300000030000000100400
000030000040004300000000004000000000002000010
000001000000020000400100000040400000000004000
001002000000000000000010000300200000000020000
400100000000001423000010300000000000302000000
000010000000000004000020400240010000001000000
