25 5
3412121132545110504513434
4111443223454410025454440
5443350310511542511224001
0225140235431335131244001
0210411322255123120224355
3500201403142104320101214
5013333435121410215004032
0145400013033020350204543
0552554155433340030105250
3204104005335251022512440
3253132021442004540404225
4432353050044455103551410
5241020043041500324233520
0321451042042232215222445
5112030420441345242114232
5330530135505120315453032
3312443032535111004205055
2302410445533510135523552
3110450300241251234130310
2234354434132053442355000
2411320204225131321240154
1301450302355200152423350
2311531550423030513030045
5152204150305041543401500
5053004123211121004220010
