33 2
002000000202100000000200000000001
020000000000000000010000000201000
000002000000002000200000000000200
000000200200000200000000000000020
010000000010000000000000200000002
000010002000200202001000100000000
100000000020000010012000000000000
000000000010011000000020000102000
000000000211020000020000020000000
000001000000000100002020000000000
110000000000000000000000120001200
000200000000100000001020000000000
000100001000200020000000011000202
000002000000000000021000001001010
000020020000111000100020010000000
002012000000002200100200012100000
010122010001000000000100000000000
000000000000000212200020000210000
010000000020220010000000000020001
000200002000020000000000110001000
200000000000000020202010000001200
000021000001000000000000000000220
000000000102000002000000010000220
001100000010000000000002110000000
220000000000101000002100000100000
000000201000000010000010220000002
010000000000000000001100020010020
200000000000000001001100000020000
001000000000001000000220200000010
000000000100000000021200002000000
000010002000000101020200000001120
000100000000000000000100000101001
200021100000000000200000100000010
