31 3
0010020003001000300000301012000
0010010020000022220000100000000
0013000001002203030010030000000
2212300100000002020200300000000
0000220001000100203100000000000
1020302300130003002000000301103
0000000300100201003020001000002
0210003200220020000003033200010
2010200020000000300002302003001
2003000030210013000302200301003
0020000030000230300000003012002
3023000000001020030030100100301
1003010001000101021231030300310
0000010030000000300010000001001
0130030000000000000031000002000
0110100000030002000300100000110
3000220030000000000311000030000
0023303000310102010102000010020
0003000300000000200022002100000
0000301000100000000103000001003
0200020000000030001033333000230
0000000000000001010003003300033
0001200030020000001000003002010
0001000311023032201000000002300
0000003310232002033010000000220
0000232000100013002000000130021
0000030001011000001213010000210
0200002020000000000210010010003
0202001100010022003031003000002
0121000000220100202020000000030
0020300000020010020000202000300
