42 4
000040010001000004000000000030000000300000
000202010000000000000000301004000003002000
003000000000000000000000200000040400004400
000000320000020000300000400000040000000001
000000020013001000000000010100000000000210
201102003033400003000200000020140002300000
000130003403000000302000000330001430000000
210000100003000030001000000202433030002000
314300000000010200000000000020003000000040
000040003410003300400000200000300040040000
000400000000000003030000000000020002400000
300000000100000040000000040410000303000000
020041003000000001001100000020013000010000
000001000000000040210010000001010000100000
100030020020020000000101020003100100000000
001003004000000000020000000000000320002000
020200000101000000000000002000000000000013
000302140002000002000000101000000040000020
000000000400000010000000040000030202000300
400300220303020034000000000000000003002003
000301140001002000002100000300000000030300
000003001034200020000100000000044000130000
000000103000200000000300300000200000400000
100004010000003040000003004000002000400414
000000000042000000100000000020040000001210
000000000401000400040000003000300000004040
000000001000021000400004000000022400000200
000000000003000000000030310000040044200000
013004300001002200400020000003000000001100
000004000104003000000000000002000001400300
010000410000000000200040000003403000410030
000000400004000110000440001031000000000004
000000000330001022000001000000143100020400
000132100010201000000000100040000200020000
000000100200302004000320000302200002002300
020002020004400024200040040022010000000000
000012000000000000000030000000000000000040
000001002000000000003403000323013000000000
001000004204400000000000000002000320400104
400002000000000030040000000000320002000104
400004000030100013030000000000004040002100
400200002000014300000000002400000000400000
