24 5
555005322321543223255541
100214055122142453454232
522442531423424522334454
153051510033135032350214
131332115251250215443430
313333312542533212031045
001313203420504312420122
545525224234555124043051
254413034334332304504023
142224111304012032242152
113423152021410105043254
254401530551352451223341
345440035130043143151225
323531225400144413224442
002130150423551415242215
451220034441030411425131
555514542533200445335022
540151224542343033505424
210013151510412521531314
345422414455514105330145
520425510331520201130143
000531251054420014153022
314511532113502044333353
443145101152311342153043
