37 2
0000000000000000000110000002000000000
0000200000200100000102000000011000000
0010000000000000000100000000010010010
0000001021000201000000000000000200010
0000000001000000000000020000000000011
0000000000000002000000000000200102010
0001120010010000000001002211000000000
0120000020000000000000000100000100000
0002000000000120200000200000200000010
1000000100000000000002000000010000000
1020000000002200000002000000101020000
0000020000000200020000000000000010001
0000000000000000000100000100000020000
0100000000010000000100010000002000002
0200020000000210020000002000000000020
0000000002000000000010000000200002000
0000000020000100020000000020000022000
0000000000000000000000201100000000000
0000000000000000000000002000000000010
2100022000000100000000000000000000000
0210000020000100000000000002000000200
0001000000000100000200202000000200000
0002000000000010000000200010000000000
0000000000000000000010000002002001020
0000001002000000000000001000001200000
2001000000010200200000000000010000011
0000021000000000100000000010000000001
2000010020201000020002000000000210000
0000200010000000000000002000001002000
1000010002000002000200000000000000001
1000000000001000000000000000000000020
0100000020200000000100000000010000000
0022000220000000000000001000000000001
0000000000000000000100100210000002000
0000000000010200002200000100000001000
0000002200000000000000010200002000000
0002100100000011000000000000000000000
