43 4
0000000000000000000000004004000000004010002
0000000000000102310040400020040203000002000
0010000100003100003003000000000303303200000
0000300000000000400003000010100000020000000
0004001000000000030020040000000000042300000
1000000030001000040033200401003002330001120
3040000000000000000000400312000000100400000
0000000002000000000000000011000000000000024
0004000000000003000000004000002000020102000
1000300000200000200000100001200112003000000
0000000000002020010000001004202000000010104
0040000030000100100000000004000400003424000
0004000300302040400200000010000000040200000
0000000300003000002000020010000000000000304
0001000000000000000400320000000000200000000
4000400000000000320000000034000100000000020
1020131000120000102400030030303100000020000
0000031000000000000010020000030003000000000
0000200040000420013000000000000104000010000
0000000000010400000000012000000102000404400
1000000000000040001000004000000000300000020
0000000010000000000002000040000000201000030
0010000000040000200040120100004003041100200
4000000000300000100020000201000024000410403
3040300000000140000000400000000001000100000
0000300000410001030000000300000000203303000
0040002000000000000020030030020000040000304
2300324000000100000420000000011004003000140
4000000002001000000004200000000004010020000
4110300000200000000002003000410000000000004
0000200000004200000400210000340002200010003
0000010002000000002000000000000000000003000
0021004000400000000022030030300100000002030
0000040000002221004001030000004402000010003
3001000003000203400020400000000030200000300
0000000013000004003000400300004000310041000
0000000400300034000000000400020010000002400
0000203001000000000000000000000000000000000
0103030400103000000400002000000000000100303
0000000000013020003000000020000000000000021
1000002010003030001040002000004004200000000
0004100000100000220403000000020000000203423
0400403000000010000040000000000300100300002
