37 5
0030300023000330010100000300452000220
4504300404520542000050004020000000004
2034000000000000000011302000002000020
2435030000550401031000000400024420040
4000400052000003010000000210000000002
3040400000124300300101550003100402243
0000000020200030204003100001111002301
1230010020003003000501250000100000305
0050000400102000300232050000000004050
0502120050502000000003105435004000003
0000440503014030500000500442000020004
0100000130000000450000000441000000000
2000001402000000100022000000541100003
0400000000000440023000020005000005550
0040300440030110020030025050025000005
0050000022250502010000030135035050050
0000040514145052331000001450003000010
3000500402505050130502010023555500205
0005400404030000020031050300050000000
5000003104040120000000000054040100251
4000403003010301410420003000000501010
0000005030000002000004000000020031000
0000020032505022003053334020000040055
3340445005000344500203300100240054001
3000041034000111000505045000030040000
0503015100000332000000000000001400000
0100500010000004400220040030000004002
0100000003001010024010100000010044000
0003022230000001540250102000000000000
0020005100050050033205100000003000003
0030400415030000300004020020330001042
1040000252000100002000244100000420000
0550004222002200004100020004103025000
3100000000000030003001100001040000000
0400005101000102133522005020020053400
5010053050014015011034000100032003000
0000050003000000000014001012300500300
