28 3
0000300003003000000002000300
0230002101000010210132203022
2031100010300000000030001110
1000300001010000000030300010
2000000000030003300013031032
0300201300013200121202203300
3223320130100000110210123000
1001003001000100002000030000
0000000000200100003300000002
2003300120002000001010331000
0000030210200011320330002003
0001000002200002300001000020
0200000201001102003000130122
0202001000033201000000310200
0030003000013010001002301300
3001200100003010001000103000
0000030000022000200003200000
2300002302110302020000000000
1121000233032223223202203000
0000033201000110122000030000
3000301200000033300003201300
0000033102002202202022020100
0000103302000021113100200003
1022000210100303030111001120
1000000001203003000033020230
2020310030001000000100000002
3031012002001000000303000211
1220101000003100310010230002
