28 4
3240030300001002004200403000
1200030203002012410200000200
0040301400204203441413020012
4322031104340320021402004040
0410403012004003201120004003
2134000400310000100301104000
1200023300000331031200410031
0134003100400000220021010030
0031003004303334011140043430
0000401000303000433400200333
1000332330200120001404000201
0343240302300340004002400002
1000104440444114030000420004
0120300004000000103040302004
3003400222142100000402142240
3204202014201040203010002102
1000201300400133244103344000
0000012000400141101000302000
2004410110001013003032002310
0200000000012001210030040223
3100003440134004210040144000
0300210031204012400100413300
4304120204030130224000041232
0230020022200213021020214403
0200203431203100001004420003
0340201001012030401440024040
1200123140010020020400010012
0020040300312300003013230301
