32 5
30001504044040423000300000000421
51001000504102250204002402531050
42244104400520000000223503224103
10030450040050110310002535002000
01340442530000000002025000000200
00010400000300010035010000002304
00003400100142022001002025030041
42000100101005405100005000055020
50303510415340000023503431004300
01530000520411003200041000204230
32400400205210000100002000213400
00441010110040000501502520100500
00004125404040000005330023000024
31020010120421355044002403000005
02000001512050540220000020305003
00551103430005550303041000300030
00300252301055240030542402400002
50340030540030035004050003500150
00054020252503000400000100005330
04014022011405304213031004400230
20000400013205003300400303122045
50000050512050030140020000005421
10300324020405105002050005003010
00033000020401202041002000330034
13005120340044550213213500031040
40000004200000301420000400202110
00010040011220002404550410500113
30000435005301015400031032442000
50030105230300032005000004000005
50000015310352500300001400003002
00543314431215025000141000451002
50300302515050001053013000125013
