35 3
00010230000000000010030020000100023
30101230001000200000300000203001000
02000000000100000000000000300100000
00000020310000000003000000030000000
00002002000000013300003020000001000
10200033001001031000002000000011200
02000010000000021000200000102000002
30001200000200000030010000030000000
21200000103100300000003000030000030
01000120001000000000303030000030010
00001000200310000000100000000003030
02030003020020001010112030000000003
10000000003020300203002002000000000
00100200000022002300010030032300000
00030000100003201000000000203020000
02003030000020003000000000002000000
00020100230033010000000000200200000
00031001000300000003000023000000300
02200000000000010000000000002101000
00000002302000013000100100030000000
00000031300300030020200003000000020
00001020000000010000020000000000100
10000000101030000000020200001100000
00001100002120011010001020003120020
10000220100100000000000013300000000
21000020003000200000103030100010000
01110000020002000100000000102000000
00200020000200000000301020010120000
02000003100001023031000000003000000
00300033002200000000102030100002230
00000000000010000300200020000010000
30000100303000330000000022200320030
03300030020000000000030000000002000
01001000002000100000020003330100330
00002020100011000300000000000002002
