38 4
20300001004000000313010040000020002400
00103040000001300400200000000000000104
00000000300300010000201103000041003444
20312100040200000000000000003000000030
40103000002400000020000000030030200000
01001240000000140400000000000300042000
40430002400010230000100000022004000200
00200031120000040440200001030000030000
20000000010400010003000012003000000000
00200330000010014110000003003033100302
11000400001220003000000220100200120100
00030001300002102010030000000000003402
34000202040003000000300400000000000230
00033001001000042000000300000000003043
02000000040000004000030022000000000021
01001041000100000000000002102000200000
00030020310000020000000000300000000301
00000000402004040000004104020223000020
00000204000000000000000004000200003202
02000023003000000400400030004043410021
00000104000400100000004220020400000300
30000000000200000000000400000040001304
04110000000000000400010033000300000000
24200000000400340104034020000004300402
03201000000200400134031032100000040004
00000000040001402320011000000014010000
00400004020001000000000000304000400020
30003000100000000000000000002000004030
22010300004400020000400103000000203024
04000000000110300002000011000000200003
00000033000020000001004000104010000000
40001010040010000000000020043034401040
00022002200200000000000000004010020000
30040000010410020000101000301000100000
01020000003010300033000004020010300000
32240300003103040000000002110004000130
20400000200013100000000004003000402000
00100230000030040030000300000000100000
