47 5
04200000100001000000503000500000000000000100000
00000320000040000000000005040050000400000000030
00030000000003003000050000030000050000000100000
00000100040000000005404052300510005200200030000
00400000004004020003001100000210002000053000300
05204040000000502000400010010200012000300030000
30000000250000000002200000501000300202400000000
00300002030022000050400402310404000000030100103
01200000003003040014000000500040100100000000043
00013500000000030000003010000000050001030000000
50000420010000000505000014003050000200000005300
02020040000001000000400000000000000100001240400
40100000001300154400000003000050000000030100003
30000010055000100000000040000000000200001000300
30000000000005400300000240000442000000200100200
00000400000400000002150001000042000000005005000
00040042000000004000020000005000400021000000000
00000500314003000000000050000000500000005400500
15000125030300000100000003020300020400040000000
00000051020000030014000003000000000002000000000
00100004100000002503000030000000200550100130000
43000000000110000100000050420000000200110000500
02000240000000055041000000100000000330030000040
00400000000040004000000003000000000000003000500
01000005000310000000000012000000100034000310004
05010300030030000105000040010000300000000000004
00000000100033005000000501000300025000000300100
01005020000010000000000000000400055440020000040
04042000002044000050000000215300001030050000000
05005430000004030000052000000000000000000000000
00300200002000120000400500000300000000000000040
10000000010120000000000040000020000020000000050
00004510500000000002500200100000000000130000105
10000000000100020000050003400000000000050000004
40402005000200000500000000000000040000000001004
04000000000000302000034012035000000000000033000
00000204402050000500000020003000000003502205000
00005240310000000404002000000201005000000000000
00500000054040200400030000000200000000000300050
00000052000004500000250200000300200020000003000
03001000001000040004000200000000000000011500040
00000000020150000050000000000000000000002200000
00010000404000000000000203000000000002500000002
00100250002000500053001000200010000000000550002
30000014400200003000200000000000000001010000000
00030000030000031500030200000005003000000000000
00000200400000000030023000000003010300550010000
