24 2
011002220000001022222110
000102001000000020200020
010002010000102200010010
000101101000012020101000
021000002021001020000020
021112021200201020000020
120100212210020020221010
000200000000100002012000
001200000000000101000101
000020000020202002100100
001010200001011010111010
020100010020011010001020
012002110100200020000220
000000000200200000102000
000001000000000002011000
210000002011201002000200
000000022000020000210010
010000010020000010022000
102002000000120212020000
022200001221112020000102
002000011210001001010002
010012000100200000000000
002002122000002001010001
022100000101000020200001
