31 3
0010002303000000010010000032030
2000023002000000300000100001100
0000000100000300010000122100000
0000003230000200313000000020033
2000030010300000000000011000101
0100300300212001210003030300003
3221020000001000030030001000001
0000000101000010000002110302302
0001302003001230000300003010012
3000133011100020300302030100000
0000300313100000000000023000021
0000020002020000020000303101000
0200030100003113000000000002030
0000003020021000020002030000003
0010000000000022003023030003002
2210000010003000000001003020123
2110300130310000003000000013202
2000003000130200220001001001302
0020100213000213200001000002000
0023012032001010000000000300320
1000200200010000000030300000000
0000020200000010000300223212000
0222000022000000020200000100100
2002000200000030021002030003230
0100000001010300000020000100002
0000300000000323300000200001000
0020013010032020021313000230020
0000000010020000020001110000300
0000000010010012100300000000133
0000000300000000110012003000003
0200002330000000030012000100113
