32 4
01003314311000031003104004000130
04000300440404200300300012141102
40002030201200000000302100004100
00234404030100001004100003402004
11110003300200004020202020012420
00400003300400120000200000002000
03001020032001004004430020012000
00023040010000000103004001000420
00130000004300313340030320004400
04000110000000010100040000212313
00000002231034000030202240003040
00040011001000004010403032000400
40010340324220041332302401000200
33002300001000103140000004003000
20030203004201300010003102431003
00000400103000000101003000000200
00040032022032023000022410310030
04104304300002000203030200100000
00002301401201200330002440000202
14010004031001000003012001000400
20410000302000430300200000014030
02201200404002001203020300302022
00000410403000000000100000000040
30040430300400003200403000000000
02014200402100030334120111000000
01040100100000000012021120200000
00102100404000440003030000300000
10300000000004433000200013000001
20000000010041002142000320020010
40020010001024004004002020020041
10242340000000103004400000404300
00040400400320000002004030000003
