32 5
00450303031200010000144020004045
03220120050052052005000400520004
00301030411552003004504200000132
20000351000040305333004100104020
01000503510000023044000002000350
01103120005200500002030420035023
40030020001223013141230001000400
53050200105154245520004355000200
40000350033045000030005000102100
15201005540410002023040040001000
03440004045503300500450000055004
32000002200202203003013054110014
33400020200004230035030104000555
02051423050231040021450011000000
00004000252000501011355110001402
50405050320400350400002220005143
05033130400024004002103010000303
00100000000503020004200500003041
02000045005002553310003203301441
00100014001450003000413405451201
34055302100034325000011110500104
50120000045125103410450300020450
10000000250450050024230303050140
50005200000000050501502000120004
30000150023502020340010123300205
00035020001002050500140453042023
52400050440300000012225030302100
50403013010344122000000310035000
03500041200020401412510400100000
30010034000033450240430204000410
00005001020422034304402030004021
00000031105001101402144000200023
