26 2
00100000022100000100000001
10200200000010010010000012
10102002200000020200110101
20000222102002000000000210
02101010100000020000000020
00100010020000000110001002
10000010000200000001000020
00000010002212100000000000
00220210002200002000000000
00000100000020200000000100
02000002100000002002000220
00000010010000000022000000
00021000010101100000001202
20002000202000020012022200
00022000210000021100000000
11000000011000000200200101
00100020001202100120002000
02102200020001100120000001
11020102200000000000002001
00020012001010002200000101
00000200210120010201000200
10010101012100010012000100
00020000020021010000020100
00000210001200101100000000
00002200000000200200200000
10010000021000000111020021
