36 3
200000000000020000133000001310000000
000020000000000000020000000002000221
000100300000000300000002000001000000
010023001000020003000200000001000200
000011112000200011030003000020020210
000200000030000000000000100313000000
000000000030010000000030000000000013
020200200033002010000030120000000000
000000010000003033000000000000000000
000313021000000000020003030020000002
000000020000000020300001000201200020
023000000001001002000000011002013000
000000000031000002003100030300100330
000003020010033000022000310000300300
020010001000000000000000000000000002
013000001002020020000020000110000003
300000002000010000310010003000000002
000032000100001000000000001000000000
320003000000000302020000000300100010
200000000000000030000311013000030010
002023030100010100013032010300030000
000000023000003001011000000012000000
330010010011000000000002000030030000
300000000020000120000200020020000000
000000100030001200300000000000000030
000300020030032000023033020020020001
000000120000300002301012000010000000
310102000200010001023100000001000000
000003000000000010000200102000000000
020002003000000000002003000000320000
310000003020130000020020000000000003
302003030000030100000000300000003000
001001110000000220200002003211000000
000000000300000100000003000010000000
002301020000002000000003002000002001
000213000001000200000000200200001000
