26 4
11220012010442002124200042
30214030234440044111020440
41441043004420110302201403
04030040200214031404301202
00033000220012303200442310
03300131120033314024003003
30011102120023434001330003
20320034041344032412012020
44000100300310100433010122
02303100243033010031444003
20404101224114200010101240
03300020302400201320400444
00020241222103203433310400
10102042302000010430430104
21001210130221240304040320
00122330432024000000020130
04110301433200000413410403
02020320404100011003000300
10040201000402240141033110
00300044403020402010104214
40200024110304013302314404
03112004303400310102000043
00302002240310003330200200
20000002020200330204413040
33002220034103111120102100
43130210240230401031014034
