36 5
400000000000053041500040010500240040
000002000000010000404000100152020040
140005050002105453000000000400002230
000440000003000041002010000503005020
023004400053500002003000031000030000
205152030044015240010030140000002000
500004000005000015000403045000030000
400200005404001200045012010030052002
544440230500400052000500040001001200
350000500000110500034000200053000001
450040000120500400002500510400000012
530001303003005500232000305433555402
000002340200000000001000100220100000
010540444100022020020100000044003000
000000000000203000000043400100050000
402000000142030320003300525000500003
011410502300150001053001500000303110
342000501021000401050510000124453140
000030240004000000300030300020000202
050301020400010052010000010000031010
000200103003000040000000000100010110
200432003400000000000105302000000533
005004203004002100000055002013000000
330000203424050000050205004000100500
001330000004005445200030050320104020
101300000001034005000341013503025043
000200340105200020040003000545225020
010500001000203000000014513100050000
004020035340430353010000000150510200
030114000000220043010204005000000331
000134051000000000050005000550330050
040000400000101000030000402000500004
022030050005000010000024302050205120
022034050002305000003050300120414002
140000000003003012011123220533042001
023004000050002000241100005423400000
