30 2
000010100001000022001022000021
000002000010000000000002000200
110000000000000000000000120000
000010010001000000100000001002
000000020000010020000000000000
000000200200020002000000100000
000000200000220000100220000100
200000122002121020002001002001
010000000021012000010120000000
001100010002000000000000001000
200000000000200000200020000100
021000100000002000100000002010
200010000010220010020211000010
020201002000000001012000000000
100020010000020000001000012010
020000000002001000001010200000
020000001000100002000021020000
210000020010000000021000000001
100000001000000000000002000201
000100002000200202100200001000
000000101000001010000100001010
000000000000000000020000001020
021000000000010000000100201002
202020001021000001200010002002
000010200000000000000020000001
000000000002000000000010000000
000000011020002000120000000010
200010020020001000000000000020
000000001021000002010000000200
000201222000100002001020011000
