39 3
010000131000000000020300200010131000000
103000320200000132000000000000000000020
000000201001000000000320202010000002000
001000003000000001200000000203000001201
000002003210000000021000010000000000003
000200000001000000203000000030000000000
000000100000000000030030000000002000001
000000000300000103000000000000020100000
300001000000020010000000001000000000001
000200000001000003020000000000000000000
003000200000030010000030001000201000003
001200000003200000000200000200030000200
000000000000002300000020100000000001000
003020102300000000000020000030300100000
000000002000000000000010310200000000020
103303030023200200000003001020000032000
100020200001000020000001002000000002200
010000000000000010230030000000000100000
000000000000330000000100000003000030030
002300000302000200200010300000001200003
100001203100020000101000000001200000000
030000001000100200000200003010000002000
300000000000000000000003010003000000000
000000000000010000030000002001000000103
010000003000300030000000000300200010200
300000000000000000022100000000003030000
000000000002000000020001020000001000000
000233300000200300000000020100100000000
001131200000000300001000300000000000000
000020003200010030300030003002021000301
000200000120030001000000000311010023001
000000000000030200000100003000000203000
020010000130000000002000200200030000003
020000000000000001001001000103200100003
000000003002100200300000203000002020000
000000000000000000000000103001000000023
000000020000000000000010203000000000003
030020000000000000000003003000100000000
102000100002000001000000000103000030100
