36 4
423000000000230402100010030010200001
000000001000001030020400100000004040
000330204000424303100000340420210010
030040430000020404001014024040002132
000003001001000004010000002040400040
043000000033220000001003400100000023
000002000002004040010000001002001422
000040000000000424000202301003000300
000040230100000230000003003003200000
204004031004400043100400200000010201
300030001030000400010030300201042000
002010002200000103143420000020000202
003000100000102002001014400004001000
000010332003001040221000300300000310
000020410402030340030300030000000000
130000000000001204000000004030000000
100400002000000000203000010020000004
200300000003000032420310400001400000
000000102000002000300000401400020000
000010002000000020100400010000000033
000020010000010040000001002300000004
000000004004000000410000100114000000
020000200010210000000040000000242300
433002010004000034100004210043020030
200104234000210243200021303000000030
140000030030000400000020030000000130
434400000004000302230101243230000000
000100000000210000000030010000300023
000000040000300030400400103020000000
000000000000340044010000010000030000
120030040340000000200200100000000302
104000301012140000000130010011034000
300100020103031100000203440210000000
100000100400002003040022000000000000
400020300400002020000024014010042000
000002000001300000000000000001000300
