48 5
000100000200010500100000434000000003000450000000
003430010000020005000010000000000000000000000030
000040000300000003005020012000000004000000001000
000000000000054000502000010300100000000050000300
100002300000003000002000020200003024000200040000
002200002000211200005005400330000400050000000000
001000000000000300302030300000000000000004031000
000000150004003000040000000203000043500100504300
000000000000000010000000200000000000240450010300
400002020000105003000230000003000004400000000101
000001020004000000000000500000000000040000100040
200000004000000000000000020050000305000000050000
010200002000400000030000000200404000400000001400
020550402000100000004002410000000500000000000000
000000000100000043000000530000000000030300001000
100000304000000000010000002500400000000000000300
000040000000000000000120002000000000002004000000
000000040000003024000430450010000000000300000000
000000000002250000003000035040000000510000304000
000152400404000000100200000300001000000300000001
000000430001000001200300100100000000004000000000
000204000010000500000001000000000350000000000000
105000000002205003005240405133050000250500200000
000000000505000000000002200000401300000001000000
030000035430000000030000000002040000000000000010
000020000010005100015000500004040030020000010000
500000122000000250100003000453000010010100010400
001005000501004003200000000210000003030320005000
000000000002000000003020020000300002000000500004
000500002102040000500000000020000012010041110054
000000020000100000000300000500003000000000000005
000000033000000000020002000000550005000500004030
000000150000000000000000000000000000000000000003
010000050040300000000040000004050100020000300040
000000203551040002010003001020000000300000000040
000000500400030300103000141005003000320000051004
000005003000000000300410000031030052000400002001
140000000000000210000010200050030100001000004000
000000000004004000320035000000000010000002205000
400000000500120002000000004300000200000203050034
000005400005002000401000005040000000025000000200
000000000000100100000000000500031000000050004500
000000200200000000500003400430000400000000010005
500000003004000004000000000000000401000005405050
040000000200000100000000444000000050000000340000
400005201053000005502502000000000030030020020000
200000000000000000000300000000000300100000050000
000002010502000000000005000001030000505000500000
