38 2
00000000000000001000000001000000000002
00001010020000000000000002000000000000
00000000200000002000200000000000000000
10020020000200000000000100000000000020
00000000100000100010010000020000000100
20000000000020000001000002000000200000
00000010000000000000101000200020012000
00200000010000000000000000000000000200
10000000000002000000000020200000000210
00001000200000020001000000200022000100
00020100000000000020200020000000010000
00000000100000000000000000200000000001
01000000000000100000000010001000000000
00002000200000000000000100000001002000
00020000020200000000000000012001000200
20000000002002000020000000000100000000
00000000100001002000020000001100000100
01000202001002000000000000100000000000
00001000000000000000002100000000002000
01000010002000000000000000010000000000
00100000000000200010010000010000000010
01000001020200000010000200000000000200
00102000200200021000000000000000000110
00110000000002020001000000000000200010
00020000002000000210010000020000000002
20000000000000000100110000000000001000
00012000000000000000200002000000000010
02220000000010000020200000000000000000
00100000000000010000010000002000001000
00000000001000020022000000000002010000
00000021000100000000000000020100200000
10000020000000000000000000000000000000
10000000000000000000100000000200001000
00000002000000000011010100020000000000
20000020000000000000000000000000010000
00101021000000000010200200011000000000
01000000000000000000000200000000100000
00000000000020000000020000000000100000
