41 4
10000003100440300000000030140000002000000
00031401400000000010004000040003000000100
30002000400200400000030000100220000140001
02000002040000133002000100000000030000010
34103000000000000002000000401020000000000
30000000000400030100020003000000000230000
01000001000000002340000024300000002040000
10002000020000300000000100030000104000000
00000000001000003102100000004200004100000
30000000200030010200040100000000000000300
00000004030000000303000004000000100000004
40040400040000400040000200001401023040004
04102000000000000220000000040020000010040
00000120001200003041000200004200000000000
00300020000000004000000020000010002000100
00003300000010402300010001002000203000000
03000000000200000002000000012000000000000
00300030030202002000000040000030000000103
10003000000000000000030300001300004000041
00041000000320400300000022003000000000440
03000000003020001100010000200040001000100
00004002022000002030000010002003010000000
00020000400021000000034003303003000030020
00004400000233400000000000040003000300010
00010040001023003000001000000200012000000
00000000004000010000000000000000010300030
20000210000004000000040400000024000020000
00000324010040000020040000034000004404400
00020000000330200311003100300040000002100
00200003400000001000300001401034044000004
00000000000104040000000300000004024002000
30230000433001000000410100002000030000010
00200004010001020003002000110000100000000
00410000200000000002013300000000000002020
02000012000000004021000000000020100002000
00001000030000000101300010000123000000020
00004400101300000220000300004000000003330
04000030000000003210000010000003000400000
00034202320000000000000000000001100000010
04030200004000000002000000000000040000400
00000040000210430410400002000220001403000
