26 5
23452104514351013434550121
41015404550024005151244304
10054024151120352402350141
40500203233532101405253200
32355133515030202024120320
34555240040155542435320401
05035003230431421403132250
23025434330352001035414555
04112404400122400012304240
02034443335000220003035250
50225423100432104440131200
13441202445533124403003401
10151000042140111103503302
04300322102005102045514330
03534442410043040001304353
30015420045234342013440203
21513045003054454051540335
52202010550515220125104121
40124350501502004410310005
10333101353210213500000354
21244252155023410525331152
54113424013002020520112253
20213520325405100215110051
00323123122135100040353350
41205200505341011223533553
45054010401420204230544102
