37 3
0010000000000000000000000000000000300
3000003000102000000000000000000000000
0000000000003000001000010000000000003
0000020020200000000010010030000030000
2012020300000032210300110000000000300
0000030010200000000003000000000200000
1002003000000320000100330020000000030
0010021000003000010001000000020002000
2000000013020000000000010000020000010
0010000000000030300010000002000000000
0000300001100000000110000000200000011
0010000000000002000000000000210000020
0100000200000303020000000300000001000
0301000001000100000001001010002003130
0000000300001023001300100000010010123
0000012000001000000002000000133200000
0020000000000000202000300000300000000
0002003000002001000003000000000300200
0200100002131100010003100020020000000
0020000300200001300000000000000030000
0100000010030002020030030200100000000
0310030020000200000000100000000000001
0200002000030000030300000000000100003
2010322000002000000030303330000200000
0012002103002200000020002001000000020
0000200200000130000000020002002020030
2011300010003000000000000000002300001
0200030000020020000200010000000000000
0030030000000003200002000210033300003
0033000002000000002001030000033103100
0000000100200000000210200010000000002
0301000000000300200000000000010010000
0000001002000002000020000000000022000
0000000000010000002000131100030000200
0030030001333000000111000003300020000
2001000300100030001020030002101010000
3000023300003200000020010300310000000
