25 4
3203402240304310240020413
0344122001141330023000320
3301400102220120030411004
1003240423241101020203331
0021411000301020111030101
0040003240122200020344233
1000224440003100211401322
2441301042021303110310434
2441240022411330420311110
3401020444010003020144211
3310203043120200030200030
4440133312043212023201003
0304030443440400211202012
0030303032003014233300001
0343004340334001003220404
0002330212401221204330022
1010000010304010314402040
4432120003300010004001133
4444443231441040024314000
1310012020240110301101202
0014333100003202313020002
4440004310042340222210211
2004114300231204201200000
0104220004322011233003142
0324104403043043403200444
