29 5
20310035233500114534403000003
31500440304030104310000450023
40000214040210210420205000122
04423203503030003012440542042
00000403131511320005030033044
20330334014010223051005115502
02000403042201035010400405100
44153132003014104344244030420
00013131300452102040000500004
55230302010005230002000000404
02310030220050323003200450550
53204330000252501453010000030
10434022343405010203000403030
00355242000014033024030501001
25250500155530044012010121330
21400045100020101011405035512
20210000012310020220103003440
21203025550254400525002141115
05510140354030050250300552404
00103031552340010531005500413
03010002320242201044552002004
04055050025502534054000455154
50410400035301010002102300050
10010330054000510331410050050
20050402151010001032220124004
50340150032120150004023205503
04140154320500212025002001331
33050340130415520054200011351
00400424142500521500020440044
