35 3
20310010010130021000000002310200000
00000000212001300001101000002002300
03000000002000000000020000000000021
00002000121000300002000001010020002
00300000001020010001000000002330000
20000000030220002000200001002121002
30020300030000300000000030000000010
01010030000030001003000000000020002
00000300001120000000020000000000003
00002100320000000000001000001002010
20000003000032000010000030020011020
00002000000000030000002010020000030
01000000000000020000030000021001030
10000000000000002010000030301000300
01030300030001022000000010300003100
10010020020002010001100000000001000
00000100320200000300000003002030030
00000103010031100201003300001000100
00002000003003000301020000100010000
20002320000003000030010310010000101
00030030200110003000003020000000000
00000020000000000300000033000000000
00020000330000000020303000000000000
30011000200020000300200022003000000
00000303013003002020000000000000000
20000030020000000020010010303001000
00002000300000000000020030000003001
00000030030010001200300101000300000
01000003000010000000020020200303000
00000000300000000231020000002000300
30012200030000000030000001100100000
20100010000100023002300003100010020
02000200000000101003200000000000002
02020100021000000000033003000000300
00330002020010000100020000002000120
