32 5
10310005000033303300042510005552
53202005055304332010450500200000
40520002000000043030415410040004
11000005055301220244501011220500
00041040100504224003404030500202
10043025025550001020225003051341
53413340242454035050340045000140
51242000000510000004200302023502
33500002001050005134010103400043
00053400131003015030000303033002
23000100010023300250403103330302
05201400510000415334140040001000
02140104001425200404044002444401
00502005030154003000100110042301
40400155500100441040534001005013
00312030240300220300021203110010
02320020013100410020003000015501
20504300001300020000000535201213
20404035040020300000444510000010
00200140003500002042005440200000
03003503100500003550055253255500
01520000001003201000002044200000
03045050100055053235000000220022
02043050114300410022000000020010
01020440000040000000500402044000
03020000030300120123505003200100
00200334352430003000024500050300
04250000400034101020250305000050
05340124030302002010000402003044
20150513500010041051320400000010
45115200101305401042520050000000
00000100411000000001020050013000
