24 2
022102000200000220212110
101000020000010001000000
012200020001000120210002
011001001200011102000101
000000000102202000001111
000000100002000000000200
100000022202021100000001
000200000022000202000210
020002010000200000000102
020102000100001102002021
201020020000020220002020
010020010001000212021010
000000000100200000201100
110020100002220120200000
010001120001100000000020
210000000100120000122200
000000100101011220000010
020100000010001200000002
100120001002000201101011
001000200002010000001001
100020200012201001001001
002212200000010001222000
002002020001000000011220
000110202000200120200011
