32 3
00000000200000030310003000200000
00200000002310300000100310310130
00100000000033000100033200020001
03000002202022000002303200000300
02002000332002100103002003300110
20001303100130000030300303000000
00010000000000023020300000001010
00000001000000000000000111003000
00013030320020102000002000003000
01002310130000030000010000030010
33102300000100030020020001000000
20100020020000100110200010000002
00230020000003000010200000012002
00000132000301000200000030230301
20000013202310010031000020003000
30002000300011100100000220023021
32000001000230002000003102003000
00000010101001001100100000000003
00130003000001000210000200200003
00003000013003300000000000021020
01000000000000302000000010233202
00020000301301000000320030000000
01202203000000032000030200013002
00003000300000000021000200033001
01200002020010000000000020102002
00030020201000003200303000000020
02030000301000000200000000000010
02010020030102011000002000002000
20000020000001003000000200300100
00000003000031110020122020000000
01210000000021300300030000010010
30000000000000000000010103011001
