30 4
004434421000131440140000302003
102200003340401001200320000010
030000233140411102204300004324
020240240000000020000020340200
432000210100332000000001020201
432033001010020000020000000400
000020420140310001010310020400
000012103300130200100040000000
023413200300100000120040000204
000134003300434322030200414000
420000042002000310042014010302
223141400003032413120000304400
000000030300401304133033032411
030001301021040312030000010001
010000141040040010000020113040
404040000303100102030000000000
004000020200004004100000030000
231142241030124433100300003304
000400200302000014340000132001
000000000001302100403200020211
112041200324014100141230004012
101023000200003021404020010300
021200200320241000300003020440
001100200000040000410000344022
000413044020300040000030020024
301120400223100043021344030300
310003340032000000400003221300
010040001300000400444301100040
400304030000020040030002000000
400034000002003220010010220202
