36 5
000224304000010501050002040200430004
205000000000040300000410200100030000
004002330125300110000540003001300004
200304550520050440032420014032200030
100325030014022031204301000000201044
000050050000000000004000421000505002
003000040000500000300010000005000055
035050505050130010311030043004003300
050000200100000000000000034020030200
000004003303010000200520405050231000
300531300100005000010233405031004002
540152300004002000200020030010504500
502000000000002200000012000004020000
400004420030100020100201340000010040
030551544110005001000420005011004451
404153020000105400000100100300000040
300030010000503005005034100000010000
020020301100000300400000011030441520
050051440423001000010200004002225000
320520300420053340231002003030000044
000000010303400540300500100002105000
302010004140300043050040420000020004
003015004020003110000000025012300102
400020040303000004020104000010204000
200003300333040500000400030050042020
254000403002450404030000300030000415
040000000155235012501500000400000050
002155300150020000000050000105000421
000520200044050100000000000200200000
001515000015000001000040250350025300
000000050005025100100025100003000001
042200200000030000105223120001500004
002500040200033020115001350000000000
000003431000000022000000000000300000
424020001500010440001023540413013000
204001055305510530000000400500000035
